1 1.394252 4.0320 0.00079302 2023-08-28 19:07:17.905532 1 
2 1.049092 2.8551 0.00078610 2023-08-28 19:14:09.153115 2 
3 0.969223 2.6359 0.00077924 2023-08-28 19:21:00.151033 3 
4 0.920434 2.5104 0.00077244 2023-08-28 19:27:53.896403 4 
1 1.399887 4.0547 0.00079302 2023-08-28 19:36:25.168159 1 
2 1.043523 2.8392 0.00078610 2023-08-28 19:43:15.983060 2 
1 1.375341 3.9564 0.00079302 2023-08-28 20:05:29.648032 1 
2 1.044501 2.8420 0.00078610 2023-08-28 20:12:17.839209 2 
3 0.969396 2.6364 0.00077924 2023-08-28 20:19:06.659456 3 
4 0.920683 2.5110 0.00077244 2023-08-28 20:25:55.109204 4 
5 0.882491 2.4169 0.00076570 2023-08-28 20:32:44.363249 5 
6 0.851169 2.3424 0.00075902 2023-08-28 20:39:32.861182 6 
7 0.819616 2.2696 0.00075240 2023-08-28 20:46:21.352715 7 
8 0.795112 2.2147 0.00074583 2023-08-28 20:53:11.449137 8 
9 0.771507 2.1630 0.00073932 2023-08-28 21:00:05.634095 9 
10 0.746328 2.1092 0.00073287 2023-08-28 21:06:59.490129 10 
11 0.724785 2.0643 0.00072648 2023-08-28 21:13:51.121711 11 
12 0.701326 2.0164 0.00072014 2023-08-28 21:20:39.450953 12 
13 0.679223 1.9723 0.00071385 2023-08-28 21:27:26.983894 13 
14 0.655924 1.9269 0.00070763 2023-08-28 21:34:15.149787 14 
15 0.636331 1.8895 0.00070145 2023-08-28 21:41:02.622871 15 
16 0.615567 1.8507 0.00069533 2023-08-28 21:47:49.946990 16 
17 0.596748 1.8162 0.00068926 2023-08-28 21:54:37.376766 17 
18 0.579034 1.7843 0.00068325 2023-08-28 22:01:23.766534 18 
19 0.558490 1.7480 0.00067729 2023-08-28 22:08:11.106944 19 
20 0.541246 1.7181 0.00067138 2023-08-28 22:14:58.265328 20 
